Jee⸮⸮CAN-bus scannerMar 28 2021 16:46:58
CAN scanner init ok
11D,0,0,0
3F8,4,0,0,FF,7B,0
14,17,83,31,FF,10,FE,52
15,61,8D,11,FF,0,0
1A7,1,52,0,0,0,0
2C0,2A,D6,17,C,30,9,0,40
1B,1,32,32,36,59,31,35,35
12,0,20,2,40,0,0
1B6,20,1,2B,2,2A,0,20
2,2,7C,0,0,0,0,0,0
408,FD,A,BF,FF,FF,FF,FF,FF
0,85,0,0,0,0,0
11D,0,0,0
3F8,4,0,0,FF,7B,0
2,2,75,0,0,0,0,0,0
6,18,22,14,3C,1E,2,58
13,88,0,0,5F,46
14,17,83,31,FF,10,FE,52
15,61,8C,11,FF,0,0
1B,2,35,37,30,0,0,0,0
1A7,1,C2,0,0,0,0
1C8,2
210,2,88
2C0,2A,D6,17,C,30,9,0,40
3A0,0,0
3F1,41,0
1AA,0
2,2,78,0,0,0,0,0,0
40A,FD,C,BF,FF,FF,FF,FF,FF
0,85,0,0,0,0,0
9C,0,0
11D,0,0,0
3F8,4,0,0,FF,7B,0
2,2,83,0,0,0,0,0,0
3,0,20,80,20,50,FC,0
6,18,22,14,3C,1E,2,58
14,17,83,31,FF,10,FE,52
15,61,8E,12,FF,0,0
1B,0,31,4A,38,48,43,45,38
2C,55,5E,0,64,0,4C,FF
1A7,1,52,0,0,0,0
2C0,2A,D6,17,B,30,9,0,40
1B4,5,71,7,0,0,0
40C,FD,11,BF,FF,FF,FF,FF,FF
2,2,75,0,0,0,0,0,0
B8,2,0
0,85,0,0,0,0,0
11D,0,0,0
3F8,4,0,0,FF,7B,0
2,2,75,0,0,0,0,0,0
6,18,22,14,3C,1E,2,58
14,17,83,31,FF,10,FE,52
15,61,8D,12,FF,0,0
1B,1,32,32,36,59,31,35,35
1A7,1,C3,0,0,0,0
2C0,2A,D6,17,C,30,9,0,40
411,FD,13,BF,FF,FF,FF,FF,FF
2,2,79,0,0,0,0,0,0
0,85,0,0,0,0,0
11D,0,0,0
3F8,4,0,0,FF,7B,0
2,2,83,0,0,0,0,0,0
6,18,22,14,3C,1E,2,58
14,17,83,31,FF,10,FE,52
15,61,8D,12,FF,0,0
1B,2,35,37,30,0,0,0,0
1A7,1,50,0,0,0,0
2C0,2A,D6,17,B,30,9,0,40
413,FD,14,3F,FF,FF,FF,FF,FF
1A4,0
BA,0,0
2,2,7D,0,0,0,0,0,0
0,85,0,0,0,0,0
11D,0,0,0
3F8,4,0,0,FF,7B,0
2,2,79,0,0,0,0,0,0
6,18,22,14,3C,1E,2,58
14,17,83,31,FF,10,FE,52
15,61,8D,12,FF,0,0
1B,0,31,4A,38,48,43,45,38
1A7,1,C3,0,0,0,0
2C0,2A,D6,17,B,30,9,0,40
414,FD,15,3F,FF,FF,FF,FF,FF
2,2,82,0,0,0,0,0,0
0,85,0,0,0,0,0
8,0,0,C0,C0,0,0
11D,0,0,0
3F8,4,0,0,FF,7B,0
2,2,84,0,0,0,0,0,0
6,18,22,14,3C,1E,2,58
13,88,0,0,5F,46
14,17,83,31,FF,10,FE,52
15,61,8D,12,FF,0,0
1B,1,32,32,36,59,31,35,35
2E,3,0,0
D0,0,0
1A7,1,52,0,0,0,0
EC,1
1C8,2
159,2,FF,FF,FF,0,75,0,2
2C0,2A,D6,17,B,30,9,0,40
1F8,0
210,2,88
415,FD,1B,3F,FF,FF,FF,FF,FF
3A0,0,0
1B8,0
1AC,5
1AA,0
2,2,85,0,0,0,0,0,0
1A2,57,FA,0,0,0,0
0,85,0,0,0,0,0
9C,0,0
11D,0,0,0
3F8,4,0,0,FF,7B,0
2,2,81,0,0,0,0,0,0
3,0,20,80,20,50,FC,0
6,18,22,14,3C,1E,2,58
14,17,83,31,FF,10,FE,52
10,41,1,19,71,E3,E0,2A,3
11,FD,1F,0,B,8C,41,11,0
15,61,8D,12,FF,0,0
41B,FD,1C,BF,FF,FF,FF,FF,FF
1B,2,35,37,30,0,0,0,0
2C,55,5E,0,64,0,4C,FF
110,95,7E,26,80,83,0,55,0
1A7,1,52,0,0,0,0
1AD,1,42,42,4,0,0
1AE,0,F0,0,0,0,0
1AF,1,A7,0,E0,95,BD,8,0
1B0,E,92,3,E8,A,A0,8,D9
1B2,0,2,0,0,0,0
1B5,1D,D,17,D1,0,0
2C0,2A,D6,17,B,30,9,0,40
1A5,3F,0,FF,FF,FF
2,2,80,0,0,0,0,0,0
B8,2,0
0,85,0,0,0,0,0
11D,0,0,0
3F8,4,0,0,FF,7B,0
2,2,79,0,0,0,0,0,0
6,18,22,14,3C,1E,2,58
14,17,83,31,FF,10,FE,52
15,61,8D,12,FF,0,0
1B,0,31,4A,38,48,43,45,38
1A7,1,52,0,0,0,0
41C,FD,1E,BF,FF,FF,FF,FF,FF
2C0,2A,D6,17,B,30,9,0,40
2,2,79,0,0,0,0,0,0
0,85,0,0,0,0,0
11D,0,0,0
3F8,4,0,0,FF,7B,0
2,2,7E,0,0,0,0,0,0
6,18,22,14,3C,1E,2,58
14,17,83,31,FF,10,FE,52
15,61,8D,12,FF,0,0
1B,1,32,32,36,59,31,35,35
1A7,1,C5,0,0,0,0
41E,FD,21,BF,FF,FF,FF,FF,FF
2C0,2A,D6,17,C,30,9,0,40
1A4,0
2,2,85,0,0,0,0,0,0
0,85,0,0,0,0,0
11D,0,0,0
3F8,4,0,0,FF,7B,0
2,2,87,0,0,0,0,0,0
6,18,22,14,3C,1E,2,58
14,17,83,31,FF,10,FE,52
15,61,8D,12,FF,0,0
1B,2,35,37,30,0,0,0,0
1A7,1,51,0,0,0,0
421,FD,3E,BF,FF,FF,FF,FF,FF
2C0,2A,D6,17,C,30,9,0,40
12,0,20,2,40,0,0
1B6,20,3,2B,4,2B,0,20
2,2,7E,0,0,0,0,0,0
0,85,0,0,0,0,0
11D,0,0,0
3F8,4,0,0,FF,7B,0
2,2,7B,0,0,0,0,0,0
6,18,22,14,3C,1E,2,58
13,88,0,0,5F,46
14,17,83,31,FF,10,FE,52
15,61,8D,12,FF,0,0
1B,0,31,4A,38,48,43,45,38
1C8,2
1A7,1,C3,0,0,0,0
210,2,88
2C0,2A,D6,17,C,30,9,0,40
43E,FD,0,BF,FF,FF,FF,FF,FF
3A0,0,0
1AA,0
2,2,87,0,0,0,0,0,0
0,85,0,0,0,0,0
9C,0,0
11D,0,0,0
3F8,4,0,0,FF,7B,0
2,2,88,0,0,0,0,0,0
3,0,20,80,20,50,FC,0
6,18,22,14,3C,1E,2,58
14,17,83,31,FF,10,FE,52
15,61,8D,12,FF,0,0
1B,1,32,32,36,59,31,35,35
2C,55,5E,0,64,0,4C,FF
1A7,1,54,0,0,0,0
400,FD,2,3F,FF,FF,FF,FF,FF
2C0,2A,D6,17,B,30,9,0,40
1B4,5,71,7,0,0,0
2,2,7A,0,0,0,0,0,0
B8,2,0
0,85,0,0,0,0,0
11D,0,0,0
3F8,4,0,0,FF,7B,0
2,2,78,0,0,0,0,0,0
6,18,22,14,3C,1E,2,58
14,17,83,31,FF,10,FE,52
15,61,8D,12,FF,0,0
1B,2,35,37,30,0,0,0,0
1A7,1,C4,0,0,0,0
2C0,2A,D6,17,C,30,9,0,40
402,FD,8,3F,FF,FF,FF,FF,FF
2,2,7A,0,0,0,0,0,0
0,85,0,0,0,0,0
11D,0,0,0
3F8,4,0,0,FF,7B,0
2,2,7C,0,0,0,0,0,0
6,18,22,14,3C,1E,2,58
14,17,83,31,FF,10,FE,52
15,61,8D,12,FF,0,0
1B,0,31,4A,38,48,43,45,38
1A7,1,54,0,0,0,0
408,FD,A,BF,FF,FF,FF,FF,FF
2C0,2A,D6,17,B,30,9,0,40
1A4,0
BA,0,0
2,2,7A,0,0,0,0,0,0
0,85,0,0,0,0,0
40A,FD,C,BF,FF,FF,FF,FF,FF
11D,0,0,0
3F8,4,0,0,FF,7B,0
2,2,7E,0,0,0,0,0,0
6,18,22,14,3C,1E,2,58
14,17,83,31,FF,10,FE,52
15,61,8D,12,FF,0,0
1B,1,32,32,36,59,31,35,35
1A7,1,C0,0,0,0,0
2C0,2A,D6,17,C,30,9,0,40
2,2,7F,0,0,0,0,0,0
40C,FD,11,BF,FF,FF,FF,FF,FF
0,85,0,0,0,0,0
8,0,0,C0,C0,0,0
11D,0,0,0
3F8,4,0,0,FF,7B,0
2,2,7E,0,0,0,0,0,0
6,18,22,14,3C,1E,2,58
13,88,0,0,5F,46
14,17,83,31,FF,10,FE,52
15,61,8D,12,FF,0,0
1B,2,35,37,30,0,0,0,0
2E,3,0,0
D0,0,0
1A7,1,4F,0,0,0,0
EC,1
1C8,2
159,2,FF,FF,FF,0,75,0,2
2C0,2A,D6,17,C,30,9,0,40
210,2,88
3A0,0,0
3F1,41,0
1B8,0
1AC,5
1AA,0
2,2,75,0,0,0,0,0,0
1A2,57,FA,0,0,0,0
411,FD,13,BF,FF,FF,FF,FF,FF
0,85,0,0,0,0,0
11D,0,0,0
9C,0,0
3F8,4,0,0,FF,7B,0
2,2,6F,0,0,0,0,0,0
3,0,20,80,20,50,FC,0
6,18,22,14,3C,1E,2,58
14,17,83,31,FF,10,FE,52
15,61,8C,12,FF,0,0
1B,0,31,4A,38,48,43,45,38
2C,55,5E,0,64,0,4C,FF
1A5,3F,0,FF,FF,FF
1A7,1,C2,0,0,0,0
1AE,0,F0,0,0,0,0
1B2,0,2,0,0,0,0
1B4,5,71,7,0,0,0
2C0,2A,D6,17,C,30,9,0,40
2,2,74,0,0,0,0,0,0
413,FD,14,3F,FF,FF,FF,FF,FF
B8,2,0
0,85,0,0,0,0,0
11D,0,0,0
3F8,4,0,0,FF,7B,0
2,2,73,0,0,0,0,0,0
6,18,22,14,3C,1E,2,58
14,17,83,31,FF,10,FE,52
15,61,8C,12,FF,0,0
1B,1,32,32,36,59,31,35,35
1A7,1,51,0,0,0,0
2C0,2A,D6,17,C,31,9,0,40
2,2,78,0,0,0,0,0,0
414,FD,15,3F,FF,FF,FF,FF,FF
0,85,0,0,0,0,0
11D,0,0,0
3F8,4,0,0,FF,7B,0
2,2,79,0,0,0,0,0,0
6,18,22,14,3C,1E,2,58
14,17,83,31,FF,10,FE,52
15,61,8D,12,FF,0,0
1B,2,35,37,30,0,0,0,0
1A7,1,4F,0,0,0,0
2C0,2A,D6,17,C,31,9,0,40
1A4,0
2,2,79,0,0,0,0,0,0
415,FD,1B,3F,FF,FF,FF,FF,FF
0,85,0,0,0,0,0
11D,0,0,0
3F8,4,0,0,FF,7B,0
2,2,75,0,0,0,0,0,0
6,18,22,14,3C,1E,2,58
14,17,83,31,FF,10,FE,52
15,61,8C,12,FF,0,0
1B,0,31,4A,38,48,43,45,38
1A7,1,C3,0,0,0,0
2C0,2A,D6,17,B,31,9,0,40
12,0,20,2,40,0,0
1B6,20,1,2B,2,2A,0,20
2,2,75,0,0,0,0,0,0
41B,FD,1C,BF,FF,FF,FF,FF,FF
0,85,0,0,0,0,0
11D,0,0,0
3F8,4,0,0,FF,7B,0
2,2,79,0,0,0,0,0,0
6,18,22,14,3C,1E,2,58
13,88,0,0,5F,46
14,17,83,31,FF,10,FE,52
15,61,8D,12,FF,0,0
1B,1,32,32,36,59,31,35,35
1A7,1,C4,0,0,0,0
1C8,2
210,2,88
2C0,2A,D6,17,B,31,9,0,40
3A0,0,0
1AA,0
2,2,76,0,0,0,0,0,0
41C,FD,1E,BF,FF,FF,FF,FF,FF
0,85,0,0,0,0,0
11D,0,0,0
3F8,4,0,0,FF,7B,0
2,2,70,0,0,0,0,0,0
3,0,20,80,20,50,FC,0
6,18,22,14,3C,1E,2,58
14,17,83,31,FF,10,FE,52
15,61,8C,12,FF,0,0
9C,0,0
1B,2,35,37,30,0,0,0,0
2C,55,5E,0,64,0,4C,FF
1A7,1,54,0,0,0,0
2C0,2A,D6,17,C,31,9,0,40
1B4,5,71,7,0,0,0
41E,FD,21,BF,FF,FF,FF,FF,FF
2,2,6E,0,0,0,0,0,0
B8,2,0
0,85,0,0,0,0,0
11D,0,0,0
3F8,4,0,0,FF,7B,0
2,2,70,0,0,0,0,0,0
6,18,22,14,3C,1E,2,58
14,17,83,31,FF,10,FE,52
15,61,8C,12,FF,0,0
1B,0,31,4A,38,48,43,45,38
1A7,1,52,0,0,0,0
2C0,2A,D6,17,C,31,9,0,40
421,FD,3E,BF,FF,FF,FF,FF,FF
2,2,71,0,0,0,0,0,0
0,85,0,0,0,0,0
11D,0,0,0
3F8,4,0,0,FF,7B,0
2,2,75,0,0,0,0,0,0
6,18,22,14,3C,1E,2,58
14,17,83,31,FF,10,FE,52
15,61,8C,12,FF,0,0
1B,1,32,32,36,59,31,35,35
1A7,1,C4,0,0,0,0
2C0,2A,D6,17,B,31,9,0,40
43E,FD,0,BF,FF,FF,FF,FF,FF
1A4,0
BA,0,0
2,2,7D,0,0,0,0,0,0
0,85,0,0,0,0,0
11D,0,0,0
3F8,4,0,0,FF,7B,0
2,2,80,0,0,0,0,0,0
6,18,22,14,3C,1E,2,58
14,17,83,31,FF,10,FE,52
15,61,8D,12,FF,0,0
1B,2,35,37,30,0,0,0,0
1A7,1,54,0,0,0,0
2C0,2A,D6,17,C,31,9,0,40
400,FD,2,3F,FF,FF,FF,FF,FF
2,2,77,0,0,0,0,0,0
0,85,0,0,0,0,0
11D,0,0,0
8,0,0,C0,C0,0,0
3F8,4,0,0,FF,7B,0
2,2,79,0,0,0,0,0,0
6,18,22,14,3C,1E,2,58
13,88,0,0,5F,46
15,61,8C,12,FF,0,0
14,17,83,31,FF,10,FE,52
1B,0,31,4A,38,48,43,45,38
2E,3,0,0
D0,0,0
1A7,1,C8,0,0,0,0
EC,1
1C8,2
159,2,FF,FF,FF,0,75,0,2
2C0,2A,D6,17,C,31,9,0,40
1F8,0
210,2,88
402,FD,8,3F,FF,FF,FF,FF,FF
3A0,0,0
1B8,0
1AC,5
1AA,0
2,2,85,0,0,0,0,0,0
1A2,57,FA,0,0,0,0
0,85,0,0,0,0,0
11D,0,0,0
3F8,4,0,0,FF,7B,0
408,FD,A,BF,FF,FF,FF,FF,FF
2,2,87,0,0,0,0,0,0
3,0,20,80,20,50,FC,0
14,17,83,31,FF,10,FE,52
6,18,22,14,3C,1E,2,58
10,41,1,19,71,E3,E0,2A,3
11,FD,1F,0,B,8C,41,11,0
9C,0,0
15,61,8D,12,FF,0,0
1B,1,32,32,36,59,31,35,35
2C,55,5E,0,64,0,4C,FF
110,95,7E,26,80,83,0,55,0
1A7,1,57,0,0,0,0
1AD,1,42,42,4,0,0
1AE,0,F0,0,0,0,0
1AF,1,A7,0,E0,95,BD,8,0
1B4,5,71,7,0,0,0
2C0,2A,D6,17,B,31,9,0,40
1A5,3F,0,FF,FF,FF
2,2,84,0,0,0,0,0,0
B8,2,0
0,85,0,0,0,0,0
40A,FD,C,BF,FF,FF,FF,FF,FF
11D,0,0,0
3F8,4,0,0,FF,7B,0
2,2,81,0,0,0,0,0,0
6,18,22,14,3C,1E,2,58
14,17,83,31,FF,10,FE,52
15,61,8D,13,FF,0,0
1B,2,35,37,30,0,0,0,0
1A7,1,57,0,0,0,0
2C0,2A,D6,17,B,31,9,0,40
2,2,85,0,0,0,0,0,0
40C,FD,11,BF,FF,FF,FF,FF,FF
0,85,0,0,0,0,0
11D,0,0,0
3F8,4,0,0,FF,7B,0
2,2,84,0,0,0,0,0,0
6,18,22,14,3C,1E,2,58
14,17,83,31,FF,10,FE,52
15,61,8D,13,FF,0,0
1B,0,31,4A,38,48,43,45,38
1A7,1,59,0,0,0,0
2C0,2A,D6,17,B,30,9,0,40
1A4,0
2,2,7F,0,0,0,0,0,0
411,FD,13,BF,FF,FF,FF,FF,FF
0,85,0,0,0,0,0
11D,0,0,0
